y	X.1	X.2	X.3	X.4	X.5	X.6	X.7	X.8	X.9	X.10	X.11	X.12	X.13	X.14	X.15	X.16	X.17	X.18	X.19	X.20
1	0.507478203158826	0.223088392289355	0.887914896942675	0.933521745260805	0.468334555858746	0.807706325082108	0.183536333963275	0.410285443300381	0.0167904442641884	0.706210545031354	0.853144091088325	0.0479826254304498	0.932500502793118	0.0262448012363166	0.609052611747757	0.61375690321438	0.94808054366149	0.423550742678344	0.480863609584048	0.704076895024627
1	0.306768506066874	0.53589499858208	0.685511471936479	0.747878266964108	0.509380015544593	0.710179208545014	0.477115993620828	0.235544262453914	0.432113755960017	0.524560655700043	0.178982442244887	0.942026436561719	0.756465399172157	0.496505485614762	0.931853790068999	0.107370757265016	0.516058748587966	0.310091926017776	0.0945605239830911	0.1636812845245
1	0.426907666493207	0.66252909693867	0.629631103947759	0.722541918512434	0.88134785508737	0.248249193187803	0.478168834699318	0.243224235018715	0.698878845199943	0.84700385434553	0.612596386345103	0.400971150491387	0.00491473777219653	0.810257898643613	0.414796790340915	0.518612555461004	0.669218678027391	0.173497883137316	0.639712869655341	0.061649726703763
1	0.693102080840617	0.848070533480495	0.750825171126053	0.545770941767842	0.181505093816668	0.509782969253138	0.516750728012994	0.689799302956089	0.439663402270526	0.383261762093753	0.892387828556821	0.983764870325103	0.159003104548901	0.302719451254234	0.657501094741747	0.881067130714655	0.665550070581958	0.55703456629999	0.584678332321346	0.924316502641886
1	0.0851359688676894	0.149183102883399	0.917777327587828	0.264123109634966	0.985597462393343	0.568758600624278	0.0874295816756785	0.69379886589013	0.481486590346321	0.791841117665172	0.595053797820583	0.615260750753805	0.524333734298125	0.343676638789475	0.956206934759393	0.380132896825671	0.200612339889631	0.837909123394638	0.790739437332377	0.974643355468288
-1	0.225436616456136	0.670099398586899	0.360070282127708	0.305724309524521	0.663976279785857	0.331568201538175	0.725148572819307	0.108965331688523	0.485067643458024	0.788430671906099	0.390400160569698	0.10483033512719	0.486551476409659	0.128590739332139	0.0828305522445589	0.223375965841115	0.0913373783696443	0.674996623303741	0.795048737199977	0.358363866107538
1	0.274530522990972	0.761635679518804	0.808408631244674	0.785921553615481	0.657692968379706	0.436661891173571	0.624465679749846	0.731130048632622	0.125180761096999	0.903375406749547	0.797494499012828	0.159021318657324	0.628449368756264	0.188783790217713	0.938028393546119	0.215232738992199	0.803426800994202	0.604345829226077	0.741417733253911	0.783492213813588
-1	0.272305066231638	0.998634453164414	0.21319284918718	0.182548804208636	0.307070184731856	0.199697073781863	0.111300902673975	0.332675447687507	0.26328911841847	0.623995499219745	0.374601671006531	0.626806177664548	0.491711559938267	0.53900267300196	0.881816831650212	0.187306508654729	0.878869528882205	0.125661181518808	0.525598602136597	0.16260703234002
1	0.615829307818785	0.263297273311764	0.139889262383804	0.549890450201929	0.230148135684431	0.786256548250094	0.918600449804217	0.0477692091371864	0.735436206217855	0.714967714156955	0.411774289095774	0.906429578782991	0.551186153898016	0.729865964967757	0.406633423175663	0.52001243783161	0.759877695934847	0.254661025013775	0.725541541585699	0.733811674406752
-1	0.429671525489539	0.885186031693593	0.298507452011108	0.648654977791011	0.031048517441377	0.7847222792916	0.707329456228763	0.351264368509874	0.0414278991520405	0.556891861604527	0.0253560710698366	0.483350317925215	0.76411393028684	0.805385868996382	0.258557561784983	0.547488461947069	0.661129108630121	0.452547820052132	0.519151898566633	0.0314913375768811
-1	0.651655666995794	0.713342019123957	0.689989852020517	0.62655958882533	0.0252039222978055	0.954900645883754	0.112904818728566	0.368339576525614	0.233774897875264	0.45221327804029	0.613458361243829	0.54287349479273	0.309636891819537	0.870945448987186	0.0189270130358636	0.345313851255924	0.673497184412554	0.074514023726806	0.347629826515913	0.0197274631354958
1	0.567737752571702	0.67062202678062	0.685459391912445	0.821511792484671	0.372042811941355	0.619593676179647	0.230896503198892	0.879955413984135	0.110224787145853	0.64178917137906	0.00203684065490961	0.344612543238327	0.87415385292843	0.977865494322032	0.960316185373813	0.515889356145635	0.435341146076098	0.577527726534754	0.00800152937881649	0.808336402289569
-1	0.113508982118219	0.745689576724544	0.85374413523823	0.327949171420187	0.0255853359121829	0.892506511649117	0.419121401850134	0.693985692225397	0.349593817489222	0.311358719831333	0.366780642420053	0.958165822084993	0.667192669352517	0.0508510284125805	0.272359333699569	0.331114460946992	0.717386886710301	0.784383383579552	0.747761737089604	0.443489002296701
-1	0.595925305271521	0.413482744712383	0.590568432817236	0.59027798846364	0.677386655472219	0.232518463861197	0.0073557102587074	0.0902754282578826	0.114379097474739	0.347588553326204	0.991293465485796	0.426160300150514	0.104154317872599	0.505479399347678	0.145634720800444	0.56723317108117	0.208973896689713	0.435215685749426	0.0518422692548484	0.957990859402344
-1	0.358049975009635	0.0486536016687751	0.101216590031981	0.778412843123078	0.17335299262777	0.511741868685931	0.0602771386038512	0.0448114091996104	0.250882767839357	0.579561564838514	0.855731071671471	0.769154998939484	0.921119845472276	0.860728076193482	0.829542687395588	0.446884528035298	0.964971322566271	0.00484223919920623	0.954371165717021	0.408182740677148
-1	0.428809418343008	0.764684811932966	0.0250368604902178	0.421282140072435	0.362733950139955	0.5301082811784	0.146877102088183	0.595566809177399	0.296273240121081	0.0131168144289404	0.109804551582783	0.965143587905914	0.822191043989733	0.555768678430468	0.6009329080116	0.956456588115543	0.165344942593947	0.515177613124251	0.0518637334462255	0.0283993582706898
1	0.0519033221062273	0.848064591642469	0.423218425363302	0.0802334439940751	0.884499976178631	0.951261942507699	0.697788187069818	0.418033353053033	0.816042612772435	0.565449026878923	0.113322034012526	0.993713984964415	0.0190665887203068	0.465921026654541	0.117477219318971	0.474155112635344	0.609489604830742	0.684887806884944	0.947190910577774	0.144547135103494
-1	0.264177667442709	0.532162737566978	0.144651330076158	0.798614542931318	0.763239111052826	0.574386406457052	0.786120304837823	0.131588285788894	0.918389914557338	0.0345052739139646	0.916168918833137	0.563985930057243	0.933438117615879	0.271988590015098	0.252423938829452	0.279963393695652	0.425199631834403	0.363033969188109	0.735370042035356	0.0235029789619148
-1	0.398790730861947	0.870330249890685	0.0976456920616329	0.119788093492389	0.266235193936154	0.87101940670982	0.337666423292831	0.345095080556348	0.812417928362265	0.756051548290998	0.853693549288437	0.695953835034743	0.754715223331004	0.713325231336057	0.999931237660348	0.725707505596802	0.383669440401718	0.504757498390973	0.298051670193672	0.843269292032346
-1	0.836134143406525	0.123705169651657	0.462658950360492	0.497165780514479	0.417301033390686	0.939295087242499	0.233596452046186	0.0249860277399421	0.862844728399068	0.179120223969221	0.449281833833084	0.251997402636334	0.517484785290435	0.0789084245916456	0.953602440888062	0.811061260057613	0.234743872890249	0.843869735952467	0.0531143718399107	0.140657939715311
-1	0.864721225807443	0.100245385430753	0.556412717327476	0.695533271413296	0.447148227598518	0.0803963257931173	0.0436835151631385	0.11729465262033	0.651834545657039	0.553031525807455	0.451156811788678	0.0316051912959665	0.74317832570523	0.645234444411471	0.741018767701462	0.212002113694325	0.909812497207895	0.428252256475389	0.389308930374682	0.543355159461498
1	0.615352416876704	0.68697782792151	0.61798344925046	0.443002371350303	0.899110629688948	0.768369620665908	0.183735601138324	0.562088297214359	0.880179006839171	0.970105974469334	0.418123644310981	0.783028624951839	0.966652516508475	0.0309291649609804	0.227702716132626	0.725650721462443	0.0428820985835046	0.812769290059805	0.94020530465059	0.0140112929511815
1	0.775109896436334	0.870523285819218	0.896474329056218	0.906041345559061	0.493130185175687	0.56228712387383	0.993488921318203	0.674569138325751	0.176830514799803	0.229812903096899	0.772947136079893	0.766503880731761	0.578496964648366	0.883563671028242	0.559171436354518	0.0378223191946745	0.880311893997714	0.0485161992255598	0.617754554841667	0.855132343480363
1	0.355568691389635	0.770652192644775	0.869736194377765	0.150187351973727	0.117339625954628	0.161637964425609	0.600052539492026	0.671848763711751	0.883565238676965	0.495187375927344	0.233530143741518	0.056652995524928	0.477309627458453	0.801238898187876	0.35386662860401	0.768991651246324	0.271879412932321	0.925133700715378	0.821697526378557	0.4899795090314
1	0.405849972041324	0.321275684749708	0.333052304107696	0.991642398992553	0.322891172487289	0.807168300729245	0.690769868437201	0.582225329242647	0.77211773279123	0.34549245540984	0.935753517784178	0.635891045210883	0.919181689852849	0.768780082231387	0.141729650553316	0.0606926176697016	0.216340778395534	0.823178979102522	0.327398854773492	0.605954611673951
-1	0.706646913895383	0.229404358426109	0.958980846684426	0.481737596914172	0.0432884225156158	0.0893090467434376	0.202007334679365	0.686953853582963	0.504648566013202	0.658996906829998	0.0632473481819034	0.107935440726578	0.166241981321946	0.942301074042916	0.118384083500132	0.98138544219546	0.167146312771365	0.879830227931961	0.345887794392183	0.346368483733386
-1	0.838287665275857	0.376092255814001	0.0341734630055726	0.472984601045027	0.929615964414552	0.486743531888351	0.25019755680114	0.113115972140804	0.689637872390449	0.601471845526248	0.443001496838406	0.800236264243722	0.642139775212854	0.156841722084209	0.570498699089512	0.917849998688325	0.207921943627298	0.375578897073865	0.773465067148209	0.352118975715712
-1	0.239589131204411	0.803793198894709	0.999816360650584	0.138950557913631	0.0252215135842562	0.868764624930918	0.226672128541395	0.370606777956709	0.659070291789249	0.390728401485831	0.821107856929302	0.807221777737141	0.129440808203071	0.117494120961055	0.295450839679688	0.111926111392677	0.441691742511466	0.139614294748753	0.337788430508226	0.588464196538553
1	0.770771533250809	0.822333148214966	0.637784816790372	0.419260729569942	0.984970789868385	0.829974516527727	0.187544458312914	0.778582605533302	0.491251313360408	0.38967203698121	0.315049804281443	0.487015370745212	0.949577563209459	0.812566226581112	0.387944836169481	0.878821704303846	0.900234742788598	0.986741399159655	0.808846990112215	0.73292019427754
1	0.355897744419053	0.388310988433659	0.662214033771306	0.83570055803284	0.0938097722828388	0.981608535628766	0.115156937623397	0.928774180822074	0.240787321701646	0.550586007535458	0.386924364604056	0.294048790819943	0.490703498478979	0.869869028450921	0.747414637589827	0.995057374471799	0.0544416704215109	0.21229996602051	0.835304538020864	0.0962075381539762
-1	0.535597037756816	0.53074579173699	0.0887566176243126	0.97705667372793	0.00134356552734971	0.870782264042646	0.0416922392323613	0.27457721112296	0.721741342917085	0.843264991184697	0.167656176490709	0.132098325062543	0.871869198512286	0.662299440708011	0.238998077111319	0.0957720680162311	0.779912400292233	0.727943317964673	0.880624759942293	0.256192001281306
-1	0.0930881295353174	0.455840947106481	0.0889519108459353	0.785305551253259	0.684716536430642	0.223493906436488	0.964778396068141	0.20890032267198	0.720009985612705	0.0233801212161779	0.148881598841399	0.230574283283204	0.789134465157986	0.177240758435801	0.354462476214394	0.94811386638321	0.807413349626586	0.337614097166806	0.566885614767671	0.392720974981785
1	0.169803041499108	0.850812305929139	0.760430582100525	0.938611030345783	0.0381984759587795	0.653097735717893	0.727260690648109	0.0592650917824358	0.775322587229311	0.875999752664939	0.869665269041434	0.15810868400149	0.111908593447879	0.617173209786415	0.233518120134249	0.940248234197497	0.59683613316156	0.312063621822745	0.462251013843343	0.802096698898822
-1	0.899832450784743	0.217520719161257	0.180357549805194	0.837610882939771	0.556393339997157	0.416614081710577	0.381266551092267	0.404403528664261	0.357831364730373	0.137999097816646	0.222077155951411	0.936350099276751	0.919064889429137	0.393871818901971	0.931799187557772	0.288081926293671	0.366797026246786	0.202774329576641	0.647718865657225	0.537451667943969
-1	0.422637606970966	0.770921862218529	0.340576254064217	0.109660121612251	0.357615710468963	0.64684198028408	0.191801985027269	0.159706700360402	0.310643811011687	0.41964764893055	0.414726141141728	0.140088151907548	0.81620238814503	0.543068941449746	0.985518555855379	0.835255078738555	0.16803028807044	0.499503334751353	0.0067916929256171	0.819331295089796
1	0.747746467823163	0.275639364030212	0.0510485828854144	0.95800781599246	0.403115225955844	0.169172698166221	0.967899077571929	0.848057667957619	0.731149514904246	0.540839066263288	0.168915977934375	0.654429558897391	0.0399607627186924	0.804325215751305	0.487611152930185	0.294813246466219	0.986717352410778	0.534302755957469	0.620298760477453	0.0187714027706534
1	0.822652579983696	0.895359478890896	0.327782308682799	0.99590927339159	0.645996385486796	0.400619894498959	0.765878772595897	0.862858197651803	0.231682971352711	0.373950022971258	0.120970088988543	0.465304989600554	0.270282079000026	0.515979521907866	0.337117699440569	0.119822343112901	0.230862932046875	0.0353115135803819	0.353658959735185	0.043045240920037
-1	0.95465364633128	0.523639119928703	0.300274809123948	0.449904113309458	0.157688718521968	0.0816549626179039	0.273147334810346	0.736808290472254	0.19015592825599	0.681154457386583	0.480856185778975	0.129705911036581	0.267255189362913	0.369698188500479	0.858996240887791	0.345027985516936	0.143654559971765	0.0218610723968595	0.863296895753592	0.443509097443894
1	0.685444509377703	0.829177238745615	0.148901502368972	0.775479173054919	0.108586935792118	0.692902649752796	0.487741643795744	0.820466113742441	0.499592915643007	0.0525030391290784	0.331581677077338	0.0925746953580528	0.871059510856867	0.929425723617896	0.44537203386426	0.48313916195184	0.847232135245577	0.365029622334987	0.627140704076737	0.830945142777637
1	0.500503229675815	0.73543981811963	0.887208812404424	0.994367240695283	0.560222994536161	0.604882527841255	0.22461423301138	0.810490418225527	0.88434695196338	0.467891236301512	0.916835648939013	0.260225013829768	0.515200836351141	0.492993104970083	0.0986767988651991	0.504410285269842	0.456445314222947	0.751184608321637	0.197346453787759	0.50352271925658
-1	0.275483862496912	0.315128335496411	0.370992914307863	0.85436626477167	0.682568529155105	0.091791515937075	0.453341918531805	0.219746585004032	0.789828319335356	0.715018254471943	0.198273705784231	0.389371101278812	0.123804101254791	0.0395600427873433	0.300613914150745	0.465191503055394	0.709725950611755	0.903209791984409	0.438979986123741	0.433072093641385
-1	0.228903944836929	0.548315674997866	0.996052415575832	0.332484601531178	0.282359838020056	0.721271849004552	0.308915472356603	0.504215653287247	0.680114038754255	0.193738612812012	0.0489162432495505	0.969352155225351	0.633104939712211	0.803144326433539	0.646786914439872	0.0235094300005585	0.153643406927586	0.96920155081898	0.357467702589929	0.978164028609172
1	0.0144339059479535	0.580386281246319	0.388656788272783	0.83095472981222	0.891222840175033	0.452915192116052	0.539122370770201	0.317095676669851	0.866351626813412	0.748978994088247	0.746061441255733	0.145233185496181	0.135289859957993	0.463105160510167	0.929010656196624	0.994234184268862	0.243099566316232	0.920086485566571	0.100856427103281	0.914727256400511
-1	0.728964562527835	0.0540415176656097	0.133714615367353	0.521724016172811	0.170626094797626	0.52904358622618	0.0665518790483475	0.0730287048500031	0.482601979514584	0.646699752658606	0.606548997340724	0.308614287525415	0.430354082025588	0.123920476529747	0.0062466892413795	0.368159877602011	0.71884423866868	0.976378140039742	0.581783615751192	0.386296650161967
-1	0.249880471732467	0.487339799990878	0.667285220464692	0.797825431218371	0.276547525310889	0.263285696972162	0.249248277163133	0.129090025555342	0.378402357688174	0.927890617866069	0.701088360277936	0.971233759075403	0.718316426966339	0.892106605693698	0.944065700750798	0.36604257626459	0.652451749658212	0.286283354973421	0.504773225169629	0.574504946824163
-1	0.161183276679367	0.70940070762299	0.593265684088692	0.584105765679851	0.727723330957815	0.481480424990878	0.0478494209237397	0.243355861864984	0.164771114010364	0.696268453728408	0.278830607421696	0.0915970713831484	0.230630880221725	0.642165614757687	0.388508311938494	0.422024528961629	0.695564385037869	0.982496210373938	0.402814475586638	0.456514666322619
-1	0.0170426501426846	0.115930188680068	0.379190656356514	0.432789950631559	0.774053375469521	0.751016295747831	0.480361487250775	0.334021497517824	0.181786398869008	0.0507401281502098	0.435307086911052	0.935874110553414	0.571766627253965	0.662901571718976	0.0197923895902932	0.182248166762292	0.833009727299213	0.624383175279945	0.814869591733441	0.934772006468847
-1	0.486100345151499	0.895791755523533	0.914474367164075	0.184224182972685	0.277410173090175	0.4420696280431	0.146580631844699	0.284598550992087	0.100571063347161	0.103405098896474	0.923375743906945	0.061275509186089	0.703581503592432	0.118784624151886	0.266915162792429	0.841175978071988	0.42975504649803	0.443142180331051	0.438339239917696	0.0860449797473848
-1	0.102900171885267	0.733581526437774	0.477417458547279	0.342946933349594	0.729746176861227	0.382896705530584	0.287494295276701	0.200570939574391	0.60373478056863	0.902942397166044	0.351915108971298	0.608857430052012	0.0234101051464677	0.565599532565102	0.84431724739261	0.146000155480579	0.853551136096939	0.679346670396626	0.941699943272397	0.610475881258026
1	0.801547004608437	0.734002289595082	0.214118525153026	0.0844644464086741	0.645382040180266	0.54271680302918	0.38842582073994	0.178941309452057	0.421735510230064	0.127690877998248	0.182321472791955	0.906136010074988	0.719845504732803	0.189431358827278	0.481085108127445	0.739877579035237	0.854803238529712	0.262991248164326	0.713227748638019	0.0718407041858882
1	0.354328064946458	0.180147138889879	0.768377934815362	0.616232814267278	0.409567622467875	0.734972562640905	0.991783518809825	0.273924429435283	0.491655616788194	0.438923205947503	0.284754096996039	0.114517375826836	0.913179171737283	0.203880894463509	0.0895782951265574	0.0538270841352642	0.736829655943438	0.35626917751506	0.356070548994467	0.913178193615749
-1	0.936432539252564	0.875112698646262	0.927392609650269	0.235762392869219	0.0462710720021278	0.39218838326633	0.517482704250142	0.828640277031809	0.0225793099962175	0.997934668790549	0.477557712234557	0.211976145626977	0.884223759407178	0.677310204366222	0.890930108027533	0.561508972430602	0.350096531445161	0.339523544535041	0.833750776946545	0.965029009385034
1	0.245866392273456	0.598226015688851	0.538760541239753	0.408317743102089	0.24045510776341	0.953368481248617	0.464194431202486	0.219497693935409	0.415919918799773	0.942849033279344	0.233868039678782	0.210123692173511	0.120157393394038	0.581526163732633	0.0391067424789071	0.590046271448955	0.785450120922178	0.311677815625444	0.0379370886366814	0.193118163151667
-1	0.473141461377963	0.217712457757443	0.0351508506573737	0.71601136517711	0.368645361857489	0.123325638705865	0.148616885766387	0.485102583188564	0.367501224623993	0.988290006527677	0.208043657708913	0.980935051105917	0.564227807335556	0.450181351043284	0.912132244789973	0.153952194144949	0.260054524522275	0.813726010965183	0.720436475239694	0.886768868658692
-1	0.191560871200636	0.143976519815624	0.94854342052713	0.327048375736922	0.890560809057206	0.00819748570211232	0.205638511804864	0.186064548324794	0.151246041525155	0.980071850353852	0.902648824034259	0.297803396126255	0.174145472701639	0.158908519893885	0.913600171916187	0.334605677984655	0.452800112310797	0.755127491429448	0.904133251402527	0.2651559158694
-1	0.583221969893202	0.816860782215372	0.360254123806953	0.012941041495651	0.228434073273093	0.0105423075146973	0.897763023152947	0.538692169124261	0.518928612582386	0.374911678722128	0.872506304411218	0.0369352044072002	0.285651026293635	0.48417325457558	0.0574046650435776	0.596557821147144	0.339121720287949	0.613959963666275	0.74969981610775	0.133091279771179
1	0.459473189897835	0.35793563676998	0.712468520738184	0.508899981854483	0.93555770162493	0.0885331905446947	0.387070800643414	0.48574808286503	0.555476716952398	0.900514137931168	0.20282585779205	0.7699764741119	0.897657082183287	0.511371622793376	0.433653840562329	0.63153891894035	0.975922914920375	0.635779807111248	0.975943529047072	0.502440362935886
1	0.467434047954157	0.440736256306991	0.27429948351346	0.322516994550824	0.692329942481592	0.980120714753866	0.298595830798149	0.783887538593262	0.652141791768372	0.135672388365492	0.085141129558906	0.427838973701	0.951298518339172	0.878393986728042	0.976496546994895	0.245297273620963	0.585555516881868	0.433991849189624	0.593083468964323	0.147928469581529
1	0.399832555558532	0.113717057043687	0.90816914732568	0.517734042135999	0.910702591529116	0.885319765424356	0.552222652127966	0.380496106110513	0.566007294226438	0.661808282136917	0.0668455129489303	0.996120780240744	0.913717037299648	0.764818746829405	0.239416481927037	0.933281805366278	0.443975396919996	0.547733369050547	0.414826859021559	0.275053111137822
-1	0.505285596242175	0.831672048196197	0.0152194355614483	0.610396072734147	0.356703962897882	0.481836975319311	0.213391709374264	0.50284698815085	0.391509511275217	0.458845811197534	0.184371426468715	0.856630111578852	0.98065380891785	0.499438227387145	0.144815294304863	0.596647093305364	0.580112623982131	0.312004733365029	0.343414796283469	0.438833971042186
-1	0.0318881559651345	0.923528456594795	0.390190139645711	0.684642654377967	0.450779764214531	0.902140120277181	0.144098785473034	0.00129696168005466	0.162395638180897	0.876945791300386	0.959751929156482	0.274541843915358	0.0327216733712703	0.580631329677999	0.611772962613031	0.33820682647638	0.863077766494825	0.0898394116666168	0.00247878907248378	0.938028007512912
1	0.114467588020489	0.297196871135384	0.234746157191694	0.888747015967965	0.154249999206513	0.687789407558739	0.899373629828915	0.428922080434859	0.796217119321227	0.92237166268751	0.758812403306365	0.393182259751484	0.571975202998146	0.101230510044843	0.826000783825293	0.114701940910891	0.468911190051585	0.988952732412145	0.880738379433751	0.42558573000133
-1	0.468935475917533	0.736775480676442	0.102625648956746	0.73748788353987	0.824822889873758	0.476239359704778	0.768397939391434	0.0222938689403236	0.509028913918883	0.688495484413579	0.742659315932542	0.323163171997294	0.286098951008171	0.401530676987022	0.417402287246659	0.726328463293612	0.16837330092676	0.561287237564102	0.253961029928178	0.103360512992367
1	0.396986737614498	0.414002026896924	0.366346813971177	0.689914270769805	0.760693366173655	0.98135134880431	0.53719235653989	0.46852173935622	0.710021849954501	0.511025920975953	0.745099421590567	0.891659726155922	0.783208699664101	0.775848777033389	0.626104237046093	0.821564636426046	0.655986275523901	0.718752955552191	0.590288454899564	0.324525898788124
-1	0.833619194105268	0.0229226106312126	0.401622998993844	0.0227100818883628	0.507777616381645	0.246652287198231	0.626535820774734	0.481507108313963	0.783869952661917	0.864771055290475	0.852995895780623	0.0610351513605565	0.0484603343065828	0.980839458759874	0.518551865592599	0.312677095178515	0.954493572702631	0.269572480814531	0.393352270359173	0.483257303247228
1	0.761121743358672	0.390414785593748	0.331691676052287	0.229486350901425	0.928810467245057	0.984327459707856	0.200359750306234	0.585031639318913	0.294982068706304	0.803410597611219	0.201606548856944	0.809698851779103	0.937899595592171	0.307496288558468	0.243246799800545	0.485847282921895	0.378156778169796	0.35117499763146	0.632377874804661	0.633599687600508
-1	0.573356448905542	0.247672537574545	0.507175947539508	0.244891027454287	0.796971408650279	0.0730509159620851	0.363552248105407	0.359596681315452	0.119161354610696	0.715176150435582	0.134700030554086	0.833236689912155	0.894818851491436	0.162860575830564	0.110198478680104	0.777738619595766	0.206556053133681	0.14460974233225	0.913594150682911	0.201263238675892
1	0.447508045937866	0.466850576223806	0.990325511433184	0.541362925432622	0.891108521958813	0.188407644163817	0.745217633666471	0.0763534591533244	0.772119638044387	0.200197391910478	0.715084434719756	0.209148243302479	0.0933342631906271	0.137207867810503	0.988158616004512	0.308210165938362	0.897363880183548	0.63466282421723	0.179954177699983	0.0809273065533489
1	0.0838020080700517	0.322738196933642	0.646940222475678	0.448027994018048	0.380375528009608	0.902189146261662	0.900346016511321	0.422687998740003	0.971984264906496	0.357959956396371	0.0520399850793183	0.00825289147906005	0.0512976304162294	0.595866543008015	0.688681090017781	0.174813418649137	0.432666681706905	0.789948341203853	0.0920407620724291	0.619124106829986
-1	0.219138547312468	0.878178441664204	0.586234835442156	0.781770058674738	0.0437263702042401	0.383730082307011	0.269215459469706	0.313789706910029	0.474722893210128	0.955832799430937	0.245520106516778	0.431886191945523	0.52445642859675	0.783057953231037	0.822815549327061	0.0254187132231891	0.666059087961912	0.80230330186896	0.27524484321475	0.218417312717065
1	0.07557029183954	0.162786687258631	0.786986469291151	0.365328470710665	0.476364036323503	0.880236348602921	0.155174963409081	0.0649533253163099	0.295288005378097	0.554467364912853	0.125548626761883	0.913492599502206	0.853981444146484	0.501344955060631	0.987119456520304	0.702209097566083	0.432663162937388	0.266697682673112	0.519200835842639	0.17799172620289
-1	0.534426784375682	0.995373070472851	0.870625856565312	0.363040445372462	0.719662484480068	0.0693472467828542	0.193659792654216	0.219410738674924	0.574978168820962	0.231935126939788	0.240491720614955	0.916802514577284	0.23227851674892	0.216587251517922	0.730929349316284	0.552813256392255	0.0387568832375109	0.32084028609097	0.802268151659518	0.375724259996787
1	0.641356576699764	0.689817006699741	0.200264341197908	0.479099880205467	0.843127908883616	0.806218433193862	0.305003214627504	0.1861876049079	0.811726489337161	0.765551667893305	0.472856583772227	0.586903146700934	0.00281396857462823	0.0604345528408885	0.997868672013283	0.518980622058734	0.0282362282741815	0.425786935957149	0.581760473549366	0.543912987224758
1	0.525739317527041	0.227645422564819	0.392898323247209	0.118028502445668	0.642096932511777	0.763002167921513	0.76056111510843	0.958292270544916	0.974886887008324	0.82652020198293	0.0935433336999267	0.924281446961686	0.979210371151567	0.0624306625686586	0.754487466998398	0.641160465078428	0.322157398564741	0.191299581667408	0.441394722787663	0.000925672706216574
-1	0.0392813880462199	0.766024671029299	0.0137105041649193	0.538288923446089	0.0841332755517215	0.0108170155435801	0.433618240058422	0.194149431074038	0.558556187199429	0.938217586604878	0.932612040778622	0.25694691692479	0.0374518565367907	0.889276758069173	0.840966583695263	0.500365915708244	0.442513449583203	0.217190561117604	0.427146539324895	0.572574726771563
1	0.545859839767218	0.990935809677467	0.695163973141462	0.291478880681098	0.934762792661786	0.372420734725893	0.561771848471835	0.549257066100836	0.34812796744518	0.14980229223147	0.727058811346069	0.824053591582924	0.79254466528073	0.684274192200974	0.932465905323625	0.432376812445	0.449778162175789	0.131316850660369	0.939240667037666	0.286356793018058
-1	0.372763097286224	0.747709331568331	0.129648140864447	0.605037133907899	0.157640453893691	0.0819899728521705	0.381071528885514	0.709510114742443	0.156624674331397	0.838176808552817	0.656798837939277	0.612133400747553	0.60115550714545	0.354080255376175	0.473594948183745	0.14333137893118	0.652915903134272	0.000620038481429219	0.997088879579678	0.98319616029039
-1	0.961302414536476	0.729463790543377	0.356596227036789	0.36301317345351	0.575359234353527	0.315523982280865	0.309692742768675	0.736756560392678	0.512900947360322	0.00104621727950871	0.364613868063316	0.870003431802616	0.836665500653908	0.732889810344204	0.143310715211555	0.0521134450100362	0.771434436785057	0.248039198573679	0.371746321907267	0.702570389257744
1	0.257341569056734	0.830157151212916	0.0899099248927087	0.710482036694884	0.490713335806504	0.0828922733198851	0.978641702327877	0.425346648087725	0.799037716817111	0.172068678541109	0.767739685019478	0.577614987036213	0.502176868263632	0.512767536565661	0.0607030687388033	0.0454992298036814	0.242675076471642	0.387371041113511	0.7226482918486	0.143867356469855
-1	0.207951683318242	0.0259805398527533	0.0370635539293289	0.486796506214887	0.718750809086487	0.341842972906306	0.79467015620321	0.213407593546435	0.804127018200234	0.713132243603468	0.201037027640268	0.0682595891412348	0.751529215602204	0.957259943708777	0.411840621149167	0.0151516133919358	0.789501618593931	0.65573314554058	0.978997844504192	0.915004458045587
1	0.861382439732552	0.0469345354940742	0.945765646640211	0.891667697345838	0.939037899021059	0.141625049058348	0.816180754220113	0.372535011963919	0.121355159208179	0.270043748896569	0.936801792588085	0.166155551560223	0.770886631682515	0.408692167839035	0.626525972504169	0.974954728037119	0.617889204761013	0.188853179337457	0.589806635631248	0.535006686579436
-1	0.464391982648522	0.995615484192967	0.132112900028005	0.349029622972012	0.521182624623179	0.368556490400806	0.367068900028244	0.169061952503398	0.7039677540306	0.373890113318339	0.441811255412176	0.461900803493336	0.80463911453262	0.202563077444211	0.364898159634322	0.0990755972452462	0.0768948895856738	0.537504910258576	0.34371225675568	0.893329117214307
-1	0.222867433447391	0.114065864589065	0.771689916262403	0.612229021498933	0.223817642778158	0.173243423458189	0.553863669745624	0.295655065216124	0.675200063036755	0.900933086872101	0.771091640694067	0.124214753508568	0.00361995445564389	0.39051543129608	0.599531589075923	0.69981499388814	0.098242937354371	0.224411466391757	0.826507570454851	0.924130953848362
1	0.623549601528794	0.928903843974695	0.238001194782555	0.315482071600854	0.822206384269521	0.847526096971706	0.0954654330853373	0.168155713006854	0.890753125073388	0.428621313069016	0.48075728979893	0.571867568884045	0.713393644429743	0.255947817349806	0.0785011779516935	0.0413363606203347	0.0407161805778742	0.455470553133637	0.814342375611886	0.111505846027285
-1	0.203647700604051	0.0248084182385355	0.805678856326267	0.323191441129893	0.842982787638903	0.278791850432754	0.420236319769174	0.355140987318009	0.584169937064871	0.288883231813088	0.557206269819289	0.484382874099538	0.864686836488545	0.0901982381474227	0.755302789155394	0.423575512133539	0.62769907200709	0.37267937627621	0.980448079062626	0.362806669203565
-1	0.0196734135970473	0.971509145805612	0.920478286920115	0.3751303285826	0.557735154870898	0.265163969481364	0.0317767774686217	0.552336169639602	0.0157369503285736	0.834005964687094	0.132520217681304	0.0771027337759733	0.356202930212021	0.327407165430486	0.129065445857123	0.733595206635073	0.906884039286524	0.0901968022808433	0.226018163841218	0.749739636201411
1	0.797993005951867	0.929320940747857	0.653636050643399	0.733514780178666	0.608040269464254	0.849600435234606	0.209880275418982	0.76510077342391	0.290102144470438	0.490834023104981	0.166779723018408	0.366650986718014	0.888391900807619	0.201970698079094	0.881671336945146	0.83090271288529	0.666953545296565	0.453682997729629	0.017041536513716	0.772939875489101
-1	0.274318896699697	0.555484855547547	0.649342495948076	0.185734784696251	0.187675599241629	0.556518764002249	0.550602011848241	0.604607830755413	0.443892786279321	0.217523043509573	0.961034396663308	0.126708063995466	0.212571626529098	0.502036712132394	0.204212384996936	0.905395868234336	0.990891554625705	0.951112329261377	0.893796050455421	0.818554983707145
1	0.166609104024246	0.645229396177456	0.694665486225858	0.234534371877089	0.467966577969491	0.676869343733415	0.740252527641132	0.886031837901101	0.509346367092803	0.907371489331126	0.862178255803883	0.857180644990876	0.933324876241386	0.629778528353199	0.0627483988646418	0.567887265933678	0.279403240885586	0.381953384028748	0.796855765627697	0.605634047882631
1	0.170151718193665	0.876456046011299	0.282619585283101	0.846513819880784	0.647974488791078	0.901693325489759	0.167775563430041	0.78389555378817	0.885611321311444	0.247526044258848	0.880578528856859	0.911444210447371	0.953144578961655	0.900992664974183	0.895462724613026	0.438178736716509	0.218379928031936	0.423101573716849	0.868304985575378	0.964737513801083
1	0.4885059366934	0.856760896975175	0.451231678482145	0.947321398183703	0.18311637151055	0.116347554139793	0.368186940904707	0.881823771633208	0.741565373726189	0.604070611996576	0.468820985872298	0.444974847137928	0.117830267408863	0.194532854249701	0.907175582833588	0.0400063921697438	0.858919028425589	0.342984641436487	0.744325289968401	0.991512491833419
1	0.711409077281132	0.968180189374834	0.250333831412718	0.64018720923923	0.173097280785441	0.621799910906702	0.778173526283354	0.343042343622074	0.554524611448869	0.37246656161733	0.637148305075243	0.646143883699551	0.857760957442224	0.676233411300927	0.569258425617591	0.40859971800819	0.917033676058054	0.00940644019283354	0.661156954942271	0.693106628488749
1	0.591934921452776	0.702169279335067	0.536883232882246	0.268725078785792	0.681945172604173	0.785787379136309	0.0416631775442511	0.74895038921386	0.0406847423873842	0.799920980352908	0.26805607881397	0.804638710804284	0.077533146366477	0.670609131921083	0.793669770937413	0.870244254590943	0.915200677700341	0.315961254062131	0.146310711279511	0.401145779993385
1	0.517156876856461	0.993792320601642	0.256033065728843	0.895056379027665	0.314169100718573	0.631747651379555	0.70711925579235	0.665171092841774	0.118965144036338	0.690357553074136	0.171236950904131	0.591222296236083	0.294456783216447	0.618895829189569	0.410591453779489	0.300704664783552	0.500195641769096	0.00687497691251338	0.0870010741055012	0.325744000263512
1	0.381627685856074	0.540615095524117	0.360216594068334	0.64971126196906	0.917505903868005	0.0381719772703946	0.60330869583413	0.88010304630734	0.724132621195167	0.395836986601353	0.411227510077879	0.868786917068064	0.313031664816663	0.767540293047205	0.964089605025947	0.0329946207348257	0.69597054226324	0.319150629919022	0.356173295993358	0.281027815537527
-1	0.834778329590335	0.448706201743335	0.471504408633336	0.759947507176548	0.407746970187873	0.194351817248389	0.385133817326277	0.230442706029862	0.921907498501241	0.275316953426227	0.360590538242832	0.550349553348497	0.860231065424159	0.430585221853107	0.866646976675838	0.0145971630699933	0.256089735543355	0.930884230183437	0.323331827297807	0.388657408533618
1	0.249008050654083	0.909516320796683	0.359552492620423	0.982764619868249	0.513858897145838	0.278359310701489	0.179650566307828	0.574768016580492	0.189828350907192	0.812398434150964	0.738150021061301	0.190218792296946	0.722398160258308	0.915948249865323	0.0527388132177293	0.294929510680959	0.353454525815323	0.562918432289734	0.719893321860582	0.974078585393727
-1	0.540601027896628	0.0942292367108166	0.31170258205384	0.0257546266075224	0.695419633295387	0.356986642582342	0.338011567015201	0.413251806981862	0.848648512037471	0.602405689191073	0.176278102211654	0.957932029152289	0.772775734309107	0.677266351180151	0.312971071572974	0.175878833979368	0.341829713666812	0.396402676356956	0.952757629798725	0.84116348833777
-1	0.743839403614402	0.534757552668452	0.848159280372784	0.151841507293284	0.0980773102492094	0.0998563913162798	0.284825876122341	0.691132707288489	0.740354142384604	0.589199304115027	0.372824361082166	0.235220165224746	0.324827880365774	0.684826346114278	0.493706959532574	0.27196564595215	0.933222855208442	0.47710812324658	0.489540998823941	0.197092669550329
-1	0.0300118550658226	0.161837438354269	0.381372211501002	0.453398595796898	0.754421851132065	0.340993174351752	0.0776452063582838	0.955206723185256	0.0664472971111536	0.0241383912507445	0.163761345902458	0.423870972590521	0.230133404023945	0.772098316345364	0.945613228715956	0.0347095718607306	0.134893076727167	0.614217742579058	0.228178600082174	0.443408893188462
-1	0.344343504868448	0.347860109992325	0.859459146857262	0.187596533214673	0.877781410468742	0.377469092840329	0.193294318160042	0.0257303225807846	0.264642285415903	0.707065711030737	0.879409832879901	0.69248542515561	0.416610580636188	0.284885085420683	0.785993241705	0.885098216123879	0.446478852536529	0.276739127235487	0.283888718811795	0.406969164963812
-1	0.0613225530833006	0.00799260637722909	0.987596060382202	0.570851089432836	0.476329832803458	0.0427287688944489	0.285405942238867	0.832721443846822	0.271594024030492	0.849972179858014	0.40072087245062	0.889740945538506	0.9355009929277	0.591221616137773	0.0228978449013084	0.812795530306175	0.50805826112628	0.698077232111245	0.208300010999665	0.365675010951236
1	0.368979808874428	0.401344915386289	0.824275196995586	0.898161645280197	0.0638312590308487	0.242346234386787	0.795454376144335	0.663026524474844	0.460886667016894	0.880252646515146	0.503118706634268	0.084695294033736	0.825637204805389	0.34773323033005	0.129876710474491	0.382634001085535	0.706591469235718	0.378978983266279	0.0325131914578378	0.235002011293545
-1	0.407593560405076	0.588350692996755	0.290637761820108	0.188545940676704	0.24315218324773	0.821880771545693	0.762324812822044	0.111268726643175	0.165786967379972	0.800875544548035	0.514976816484705	0.151097916997969	0.602741596288979	0.0271002331282943	0.131542396731675	0.792433539638296	0.287236480042338	0.869098033756018	0.69660934060812	0.476370331365615
-1	0.914336755406111	0.875976233975962	0.0720360127743334	0.0542375049553812	0.00589555106125772	0.00409845076501369	0.211817081086338	0.879697564058006	0.753081144299358	0.376921839313582	0.03625921998173	0.514677775092423	0.278593488503247	0.739851030521095	0.7143079189118	0.130477980710566	0.759396594250575	0.567971426993608	0.00157532352022827	0.0665963583160192
-1	0.888705248013139	0.708542598644271	0.558888418832794	0.209667591610923	0.97500201757066	0.838202964281663	0.0941374602261931	0.124415320809931	0.447156241163611	0.0515449324157089	0.692524701124057	0.865269495174289	0.529429521178827	0.595677797216922	0.391650969395414	0.808022385230288	0.583553640404716	0.384455376071855	0.474742400459945	0.00438830722123384
-1	0.983732176246122	0.193594260374084	0.182447927305475	0.86912688985467	0.239618829917163	0.795320561854169	0.835425663040951	0.0740561301354319	0.0830742488615215	0.693352854577824	0.235594689147547	0.721129751298577	0.690259486204013	0.608805123018101	0.393699866021052	0.243120352970436	0.0200878113973886	0.31051224260591	0.430590419797227	0.602698007598519
1	0.477195278741419	0.381765494355932	0.0844999002292752	0.540226126089692	0.563414425356314	0.141095259459689	0.504422368947417	0.872401548316702	0.573241757927462	0.981414111563936	0.784325714688748	0.0919918087311089	0.456936198985204	0.737330751959234	0.448702042223886	0.768067189026624	0.917512656655163	0.57707051304169	0.330384434433654	0.312117812689394
1	0.693508233409375	0.193059137091041	0.248142116470262	0.984553124755621	0.386890442576259	0.620550268562511	0.996533814584836	0.356902308063582	0.940020485082641	0.938183409161866	0.158728691982105	0.75299457856454	0.397354068001732	0.398152105975896	0.513196439482272	0.899983887095004	0.0590012255124748	0.542349993484095	0.319017222383991	0.77247822121717
1	0.42574646230787	0.816977369831875	0.906543316785246	0.928419838426635	0.257517409510911	0.345270485151559	0.285248506115749	0.302648949669674	0.821752859978005	0.727007871726528	0.321110480930656	0.903158334083855	0.0724850934930146	0.910331686260179	0.231732117244974	0.262236290145665	0.109420665772632	0.916670670034364	0.718555597122759	0.543093228712678
-1	0.784166532801464	0.0101429668720812	0.85614666598849	0.665764207718894	0.331669324077666	0.476858594920486	0.446151921758428	0.271661312785	0.207724719773978	0.932019611587748	0.323412344092503	0.2847608292941	0.916548906825483	0.928652680944651	0.709640195826069	0.936972828581929	0.835214771796018	0.373318134341389	0.115556400036439	0.52676365734078
1	0.842695987317711	0.363609035965055	0.782095688628033	0.457998605212197	0.434146591462195	0.762485631043091	0.641389914555475	0.268132571130991	0.445494994521141	0.288942207815126	0.111226579872891	0.00589397293515503	0.124690271215513	0.0451005019713193	0.42088361014612	0.386162664974108	0.779116095742211	0.680212556617334	0.816816923674196	0.421364547684789
1	0.183472146512941	0.728681493550539	0.244338953401893	0.885159054072574	0.365769602125511	0.822924930602312	0.457778811454773	0.62546708364971	0.1994377898518	0.596264343243092	0.264872503001243	0.606556674931198	0.714616402285174	0.0242320713587105	0.126936737215146	0.0735083294566721	0.993594827596098	0.458386815618724	0.39774594665505	0.147457001265138
-1	0.528539601247758	0.398965224390849	0.313855189131573	0.0366037248168141	0.782391678774729	0.21185198565945	0.226670153206214	0.660818976117298	0.573658095439896	0.141595626715571	0.265706198522821	0.0146782351657748	0.999704481102526	0.217621212359518	0.861862280871719	0.880829732166603	0.518628119723871	0.542590750847012	0.289322606520727	0.168210173491389
1	0.702947550453246	0.874929311918095	0.128475250909105	0.848891340196133	0.4843212608248	0.413445043377578	0.089463880751282	0.86430075392127	0.847301287343726	0.338955908082426	0.609458474675193	0.293930949177593	0.529831032501534	0.821242330828682	0.88248258153908	0.844029605854303	0.373010501964018	0.629866240080446	0.33060375158675	0.590799617115408
1	0.913272760109976	0.135716364020482	0.929947183467448	0.706611683825031	0.752662812592462	0.582372665172443	0.385751832043752	0.152447567554191	0.222392704105005	0.792017797240987	0.755533068673685	0.87701872154139	0.349460351280868	0.423181812977418	0.953898767242208	0.337980628712103	0.361688865814358	0.308612947585061	0.558143755188212	0.396841819630936
-1	0.259173918282613	0.115147814154625	0.136842572828755	0.743403586791828	0.812451399164274	0.839677543379366	0.671161193167791	0.342357838526368	0.546056184452027	0.0209167473949492	0.949037376325577	0.656382310437039	0.18135653808713	0.440748666645959	0.616165754850954	0.159553922479972	0.590095213148743	0.523396988399327	0.239639260806143	0.53703717328608
1	0.792624769965187	0.19672909239307	0.585483640432358	0.623274679295719	0.175556776346639	0.904570353450254	0.238483034074306	0.989406575681642	0.494236788246781	0.171905631199479	0.980213220231235	0.0498582040891051	0.684638034785166	0.620618427870795	0.3949318761006	0.417873213998973	0.507597204996273	0.273034454789013	0.323584905592725	0.961649613454938
-1	0.614469551481307	0.057053348980844	0.155553098069504	0.977894335985184	0.359442865941674	0.0272190368268639	0.831753519829363	0.992040042998269	0.595413885312155	0.259995951550081	0.0587973708752543	0.42599108396098	0.169219744857401	0.892028363887221	0.214316756464541	0.124826816609129	0.566628738073632	0.741076870821416	0.566783704329282	0.860185921192169
-1	0.700620528310537	0.587422257522121	0.644778803223744	0.693796328967437	0.0745292748324573	0.32170134386979	0.0373471607454121	0.753888254752383	0.508236384252086	0.416867141379043	0.908508507302031	0.480185802094638	0.135634128469974	0.850556163582951	0.729914881754667	0.551755458582193	0.567670504795387	0.630038378294557	0.68137718248181	0.692148613044992
-1	0.107933233957738	0.74317543185316	0.659198737703264	0.863160582026467	0.23301481991075	0.146235771942884	0.404608676442876	0.876751503208652	0.0821405882015824	0.521461306372657	0.314929370535538	0.739807078382	0.100553347496316	0.70103532075882	0.0903182292822748	0.873226517811418	0.771383553510532	0.923433847958222	0.0303881168365479	0.935655899578705
1	0.333865793189034	0.583126855781302	0.981023641536012	0.193288499722257	0.438409899361432	0.287267414154485	0.487851707963273	0.627067149849609	0.836999509250745	0.26576898782514	0.304785935906693	0.661025211680681	0.833649687701836	0.0849643140099943	0.842835896415636	0.586806408362463	0.601273695006967	0.400841092923656	0.676891206530854	0.609683587215841
1	0.324131608242169	0.291362569667399	0.68358251452446	0.766206064959988	0.9600912227761	0.813373828539625	0.533056295244023	0.632465191651136	0.936502644093707	0.348430273588747	0.977754913503304	0.749040992697701	0.502798171015456	0.931952643906698	0.968487057136372	0.470259122084826	0.198992278426886	0.0121567610185593	0.465632571140304	0.785061408299953
1	0.565425756154582	0.997801941120997	0.998710233252496	0.996617360971868	0.302242459496483	0.228739132639021	0.971358296694234	0.0603595541324466	0.12498314678669	0.332986307097599	0.79788931668736	0.65375473536551	0.112204146105796	0.622096801642329	0.642735270783305	0.774037335533649	0.615651907166466	0.630044725956395	0.933260633610189	0.372374481987208
-1	0.203178191324696	0.698835608782247	0.00990626006387174	0.0808080134447664	0.465717871207744	0.999800799181685	0.358778859721497	0.675868776394054	0.518550601555035	0.96979748387821	0.579406927805394	0.344195454847068	0.428255923325196	0.347369754454121	0.902019354747608	0.125704627949744	0.559390795882791	0.854917130898684	0.843522348674014	0.553962937090546
-1	0.219704507384449	0.258798506809399	0.603668688330799	0.187778728781268	0.425965460948646	0.714307122630998	0.719296729192138	0.00846524070948362	0.850645824102685	0.832536546513438	0.625114613678306	0.448151576798409	0.700829659588635	0.0422253725118935	0.315022548194975	0.770192556316033	0.912623138865456	0.502826439915225	0.575611741980538	0.385164834558964
1	0.633115279255435	0.242150088772178	0.506484709214419	0.0989086395129561	0.865715282270685	0.770808086264879	0.630757472477853	0.376743561588228	0.89250903762877	0.0724744871258736	0.41244648816064	0.984807141823694	0.127252770820633	0.574547794880345	0.476660487707704	0.868964556138963	0.890515692299232	0.559347229078412	0.246766907628626	0.562406733632088
1	0.352520510321483	0.380862789228559	0.607897923793644	0.698711418081075	0.874719011597335	0.523044725414366	0.934176399838179	0.304173968732357	0.639677501982078	0.0131655654404312	0.832576275104657	0.626872268505394	0.683747000060976	0.0233490406535566	0.166292200097814	0.237596624996513	0.0261497700121254	0.877922421088442	0.622610268183053	0.866102591855451
1	0.856873234035447	0.330363617511466	0.836544176563621	0.166418461827561	0.49234962137416	0.417820915812626	0.604729981627315	0.919891788624227	0.621176676591858	0.765422732802108	0.145774679724127	0.0814636689610779	0.771506475983188	0.495502651901916	0.842081104638055	0.0744923730380833	0.705644534435123	0.16812387178652	0.227813969133422	0.708051566733047
1	0.950721567496657	0.964242246700451	0.999887541634962	0.109024158678949	0.221868293359876	0.603939166758209	0.689226571237668	0.263038728851825	0.716612671269104	0.663937595905736	0.440126745728776	0.941848837770522	0.465174956945702	0.741125551750883	0.147576595190912	0.906643226742744	0.989420120138675	0.780364810489118	0.909422720083967	0.53484950074926
-1	0.888031510869041	0.249101692112163	0.789978960296139	0.041221325751394	0.0676583868917078	0.571399560663849	0.998706205748022	0.340803967090324	0.783957158215344	0.111597499344498	0.413894581841305	0.432229782920331	0.733831216115505	0.106395797338337	0.906892078230157	0.907744673546404	0.7923925567884	0.127119787037373	0.784927077358589	0.542370653711259
1	0.0468587768264115	0.580648473463953	0.959772636182606	0.789316618815064	0.754617624916136	0.334126616828144	0.593340403167531	0.127819606801495	0.365571127505973	0.485557929379866	0.248464972013608	0.604264511493966	0.826214744476601	0.516181358136237	0.508376545272768	0.670768460258842	0.996861373074353	0.611285973340273	0.877741480479017	0.269252904690802
1	0.769040513783693	0.831256195669994	0.547600343357772	0.797210099408403	0.99653965770267	0.923118473496288	0.365148630924523	0.46489759744145	0.868105143774301	0.379894126206636	0.937082261312753	0.432727473322302	0.0780613666865975	0.827407064847648	0.962119596777484	0.885622162139043	0.703331150114536	0.685177577193826	0.394997351337224	0.0553398109041154
-1	0.230225422652438	0.204067441402003	0.785699081607163	0.879440999822691	0.316486537922174	0.0869757502805442	0.422050626715645	0.393787646200508	0.909077195916325	0.11286533717066	0.930316491983831	0.120578081114218	0.321627667173743	0.550986463204026	0.590238085249439	0.19018857460469	0.944569105515257	0.496784215327352	0.551937508396804	0.423920795088634
-1	0.315184117760509	0.0710285692475736	0.00741271558217704	0.223940304014832	0.228530679363757	0.328822549199685	0.856008652132004	0.627362389583141	0.498012366471812	0.509732316248119	0.593573878984898	0.486843920312822	0.824626461137086	0.677032026927918	0.828529208665714	0.436932066222653	0.461044437484816	0.131894388934597	0.0801054539624602	0.481722301105037
1	0.282669585896656	0.751070201164111	0.748897766461596	0.790037822211161	0.959759393474087	0.474062871420756	0.802360088331625	0.0513985289726406	0.70086480025202	0.230533418944106	0.65148273925297	0.636679681716487	0.397695120424032	0.643886624835432	0.444167819106951	0.757819986902177	0.475430425256491	0.531470673624426	0.0169748072512448	0.329098700312898
1	0.713195651303977	0.572900656610727	0.512374196201563	0.984422095119953	0.856606142828241	0.643261345336214	0.232791353482753	0.882011007284746	0.429197274148464	0.637680643470958	0.879830892430618	0.991541796829551	0.875061333877966	0.0491421334445477	0.231584668625146	0.679382165893912	0.623097523581237	0.340782367624342	0.608914762269706	0.367277809418738
-1	0.862137916730717	0.741908231750131	0.00693977507762611	0.0423930124379694	0.946967829484493	0.373658695491031	0.54726612358354	0.156798805575818	0.0526673158165067	0.48479092377238	0.0628361210692674	0.737248978111893	0.129065119894221	0.879544670460746	0.793429187266156	0.783043951960281	0.266170264454558	0.217097416054457	0.809716332470998	0.152417422505096
-1	0.10632352065295	0.075622578850016	0.368530936539173	0.336053199833259	0.487203438067809	0.756729746703058	0.522547253640369	0.39916516514495	0.756857310421765	0.794970487244427	0.311561545589939	0.161084139952436	0.68083292292431	0.219639804912731	0.547841290477663	0.162632298190147	0.00465301400981843	0.329980589216575	0.823107942938805	0.411066947504878
1	0.550327755743638	0.923359972657636	0.995158559177071	0.442041019443423	0.249053015373647	0.74240737548098	0.978083874331787	0.0514085586182773	0.175381747540087	0.35591221996583	0.954814410768449	0.738790690433234	0.593667623121291	0.845589358126745	0.661882893182337	0.0413469730410725	0.92258538142778	0.575003032572567	0.895366464043036	0.127350076334551
1	0.648369514383376	0.127685570856556	0.395976204192266	0.497746013337746	0.294612415600568	0.824704801663756	0.680046814028174	0.81177276535891	0.699094231240451	0.725008819019422	0.149620546959341	0.459753727773204	0.81047044461593	0.245175238000229	0.4932696884498	0.553658803924918	0.73181841080077	0.871279289713129	0.842889441875741	0.25450875563547
-1	0.234786699060351	0.766168663278222	0.190524214413017	0.0356486518867314	0.144091930473223	0.836006943834946	0.365007143234834	0.572651730850339	0.644835898419842	0.676314915064722	0.795602534431964	0.900156127056107	0.748162502190098	0.17291225027293	0.0765587850473821	0.875162328127772	0.608318695332855	0.339029058348387	0.0100851862225682	0.461651510326192
-1	0.0762972147203982	0.339200782356784	0.360975527204573	0.655554946046323	0.027074447600171	0.932135886745527	0.354706247569993	0.31257623503916	0.327139174332842	0.902449793182313	0.845962844789028	0.0278005539439619	0.177939255489036	0.952721359208226	0.921689086593688	0.441350761102512	0.456265858141705	0.196734667290002	0.572663105092943	0.831511967815459
1	0.923095042584464	0.118930512107909	0.438141520135105	0.406714053824544	0.812843817286193	0.994831032818183	0.285933800041676	0.777207138249651	0.914838505908847	0.752786367665976	0.342938515357673	0.339550665114075	0.651538515230641	0.0533440839499235	0.380862608319148	0.585012795869261	0.427147334441543	0.907844923203811	0.967906794510782	0.991883119801059
-1	0.147216692566872	0.557223822688684	0.315203248523176	0.357302757445723	0.843232291517779	0.876878468086943	0.583229262381792	0.233497775858268	0.657408467959613	0.281609721248969	0.0540909795090556	0.291545834392309	0.599239581730217	0.461740484694019	0.291009964887053	0.604934081668034	0.984270531218499	0.795901402598247	0.914218328194693	0.140063432976604
-1	0.822390374960378	0.13736740895547	0.00216741394251585	0.118415777105838	0.115938070695847	0.242845924338326	0.142737695947289	0.619481664383784	0.739075816934928	0.788072580937296	0.327638120157644	0.378910025348887	0.239424653816968	0.515982856741175	0.236143272835761	0.432395756710321	0.427537182811648	0.289283946156502	0.15946264914237	0.0520205995999277
-1	0.413518392248079	0.855887677753344	0.588129302253947	0.333909273147583	0.390032320050523	0.589708796935156	0.901406659279019	0.117366426158696	0.230571989668533	0.568664451129735	0.381959274644032	0.762353915255517	0.10496812267229	0.21301473188214	0.0194480114150792	0.320555616170168	0.868510740809143	0.698420786764473	0.357781681232154	0.449723126366735
1	0.61252060951665	0.84555095131509	0.726868433412164	0.471162777626887	0.922732178354636	0.799913914175704	0.205281045287848	0.131746568949893	0.898290318436921	0.885580958100036	0.455456232884899	0.890504340874031	0.815628879470751	0.795956997433677	0.765536045189947	0.721825370797887	0.527253216598183	0.894302593078464	0.77669507660903	0.50653290329501
-1	0.0681205017026514	0.284069678047672	0.992448723874986	0.596654524328187	0.105729088652879	0.0975798983126879	0.0518855829723179	0.295308398781344	0.600927292136475	0.280554093886167	0.606483906274661	0.969568450469524	0.438255895162001	0.411089304368943	0.00826149457134306	0.101866375887766	0.507527420297265	0.466386987827718	0.413825830211863	0.128190020564944
1	0.904132198076695	0.810083557153121	0.404567411635071	0.551235504215583	0.420434420229867	0.745062760310248	0.965335326967761	0.782484085531905	0.718872418627143	0.71228080173023	0.166405386291444	0.947738300543278	0.686767102451995	0.742384938756004	0.0706619741395116	0.78540778066963	0.564025867497548	0.776009042747319	0.131913031684235	0.343228649813682
1	0.879543198738247	0.899230887647718	0.932712010573596	0.986783016938716	0.894074371084571	0.474971364252269	0.216656059492379	0.547501448076218	0.387847549747676	0.216933780815452	0.912249392829835	0.786593619734049	0.697533934609964	0.103803536854684	0.209327931050211	0.860925846965984	0.060153994243592	0.917579745640978	0.258954172255471	0.253520757425576
1	0.197116872528568	0.976926211034879	0.515291843796149	0.975748222088441	0.90793815231882	0.741071006515995	0.314928787527606	0.165919198887423	0.0486482884734869	0.439166224794462	0.433987035183236	0.623985534301028	0.37423126376234	0.799933239119127	0.99066973477602	0.638096210546792	0.0398639247287065	0.706524937646464	0.244992837077007	0.491256601642817
-1	0.0694597107358277	0.590289335465059	0.236622818512842	0.623341939412057	0.423787530977279	0.839713956229389	0.695294048869982	0.90627797995694	0.487586389295757	0.0477741819340736	0.0604716867674142	0.46227112901397	0.663875823840499	0.076876119710505	0.844048191793263	0.956529870163649	0.0446837681811303	0.203672640724108	0.231833359459415	0.688783430494368
-1	0.157339573372155	0.651103080483153	0.204199694562703	0.47148062614724	0.987304236041382	0.176089984830469	0.323206717614084	0.654630894539878	0.672185788163915	0.660006413469091	0.603381861466914	0.312021140707657	0.449977656593546	0.552457220386714	0.865349885541946	0.175436861580238	0.710728610632941	0.578978303121403	0.958778466796502	0.99858680460602
-1	0.333456780062988	0.378731866599992	0.320230655604973	0.286450202343985	0.819109380943701	0.157224397407845	0.88831694656983	0.925501112360507	0.31353360414505	0.237776480615139	0.869952409993857	0.0889810847584158	0.87674307031557	0.00398146640509367	0.081171699333936	0.863691430306062	0.938957533333451	0.901227406226099	0.0892542647197843	0.817964425543323
-1	0.180061773629859	0.477513115154579	0.310451736673713	0.746195281390101	0.635950425639749	0.197913438081741	0.221770810661837	0.277019541244954	0.756183551158756	0.00377931608818471	0.321877165930346	0.190452940994874	0.798382370732725	0.89866762352176	0.827170444419608	0.946007801219821	0.281217837007716	0.701901072636247	0.249693856108934	0.384908215375617
-1	0.146482686745003	0.831429385580122	0.746310206362978	0.0686797546222806	0.0154534338507801	0.226330859819427	0.619858532445505	0.598329748958349	0.446271119872108	0.306191152893007	0.545056717703119	0.589564368361607	0.971800779225305	0.149481591768563	0.960082336096093	0.111171327531338	0.784899557009339	0.340644838986918	0.307372679468244	0.583282353822142
-1	0.290575438411906	0.810551963048056	0.746057917596772	0.491225543897599	0.977437670575455	0.451127319596708	0.029389213072136	0.236685807351023	0.213478570804	0.0677195952739567	0.640567657072097	0.091171566164121	0.157652646536008	0.842860114760697	0.367168539436534	0.821113440208137	0.763754122424871	0.227922039339319	0.149877709336579	0.774598270189017
1	0.936068888055161	0.708436321234331	0.989280897891149	0.661038334714249	0.90140704321675	0.95942188706249	0.58328074333258	0.792664795182645	0.0693407661747187	0.243470017099753	0.18753095716238	0.509617286734283	0.54867583909072	0.718983460450545	0.56759371701628	0.725292963441461	0.784298367798328	0.976035692030564	0.945275394013152	0.0955272517167032
1	0.102460469352081	0.728080110391602	0.718997437041253	0.375819898210466	0.113635276444256	0.380681999027729	0.778404063079506	0.992570109898224	0.785640224581584	0.454602079000324	0.234992944635451	0.362891467520967	0.342177154496312	0.752598592313007	0.198876500595361	0.822555196471512	0.231703741010278	0.320446729660034	0.0234041381627321	0.496248470619321
1	0.723351882304996	0.664768661139533	0.628358967369422	0.298727568704635	0.334285533055663	0.117495503975078	0.680417278315872	0.231289188377559	0.895508908201009	0.705955639947206	0.264066428178921	0.0355607215315104	0.829479807056487	0.987752135377377	0.22182540083304	0.0224990521091968	0.201798935187981	0.177134486613795	0.441588778747246	0.265278019476682
-1	0.516401493921876	0.290164924226701	0.385247600032017	0.500884383218363	0.452302350895479	0.180848073912784	0.0758757425937802	0.752520403126255	0.968178676674142	0.764404509682208	0.455011455342174	0.66879131924361	0.532973668305203	0.415064334869385	0.784039192833006	0.19577270722948	0.919081985251978	0.483057999052107	0.692677909275517	0.329188710311428
-1	0.411899478174746	0.740050154039636	0.525460533797741	0.36299276445061	0.399360427400097	0.338350024074316	0.0284327897243202	0.60185569175519	0.582792134024203	0.280594181502238	0.648438238771632	0.77053093444556	0.916397638618946	0.364182609599084	0.871613821480423	0.386270560789853	0.889000555500388	0.75242143846117	0.788177769398317	0.358085149666294
-1	0.413265279959887	0.277613971848041	0.138407893711701	0.69782973616384	0.890764521202073	0.329158307751641	0.685524173080921	0.648989530280232	0.600275387987494	0.289510054280981	0.430614550830796	0.00962424976751208	0.362195911118761	0.413886733585969	0.691171471728012	0.563575265230611	0.238877118797973	0.877542717382312	0.632951601175591	0.322699249954894
1	0.762044408358634	0.0868665326852351	0.127234637271613	0.767494939733297	0.907771826721728	0.0582284834235907	0.892216525971889	0.196868256898597	0.622919228393584	0.666704752249643	0.982717251172289	0.357265592552722	0.245561142219231	0.640173026127741	0.691290809540078	0.393204568885267	0.294781778473407	0.417197253089398	0.32683442835696	0.232471097260714
-1	0.259176547406241	0.636594669660553	0.374613657128066	0.85376352397725	0.328402319224551	0.0367384739220142	0.947363832965493	0.547494794707745	0.41746976156719	0.263049558270723	0.396192813059315	0.447293532313779	0.420768420211971	0.375166546553373	0.154762791935354	0.0230378368869424	0.41325785801746	0.244004145730287	0.944519736338407	0.184757471783087
1	0.763189780293033	0.421324555296451	0.881081453291699	0.28889211313799	0.799178390065208	0.389556920155883	0.652100972365588	0.585369223495945	0.858845818787813	0.749113025143743	0.672943797893822	0.825889039551839	0.498114779125899	0.286941805621609	0.389578284230083	0.930270221550018	0.90413798391819	0.619898822391406	0.557026448193938	0.562278361758217
1	0.982404813636094	0.361457436112687	0.0227247045841068	0.968609867850319	0.526428842917085	0.945514444960281	0.938373666722327	0.684783146250993	0.306604301556945	0.639291851315647	0.748328431043774	0.0542156214360148	0.96615309570916	0.67139897798188	0.910352405626327	0.190423366613686	0.740292399423197	0.810381368966773	0.25587356230244	0.693766965763643
-1	0.670119031332433	0.73214150685817	0.516506901476532	0.0735626539681107	0.0714603674132377	0.279163946164772	0.487555454485118	0.239097016863525	0.387199666118249	0.332323129056022	0.00160583737306297	0.395642891991884	0.760187757667154	0.168514949036762	0.531394018791616	0.191893254872411	0.833784495480359	0.507195153040811	0.0641597232315689	0.762781955068931
-1	0.589927892433479	0.957170519512147	0.686634421348572	0.283470321446657	0.0337365663144737	0.283739267615601	0.028431833256036	0.611762675922364	0.743660502834246	0.463189113885164	0.832869405159727	0.79633047292009	0.402187573956326	0.314953627064824	0.222648785682395	0.203312184428796	0.668181016109884	0.343223495176062	0.0379173199180514	0.0712775646243244
-1	0.563098840182647	0.980689841322601	0.112451479770243	0.146400593454018	0.26886387472041	0.745475496165454	0.0527450940571725	0.761416215682402	0.487245025113225	0.21740612317808	0.469213886186481	0.433935841079801	0.738310261629522	0.634026441723108	0.967201089253649	0.567492943024263	0.824788152705878	0.445905056549236	0.927497078664601	0.226757019525394
-1	0.761796804377809	0.368095073616132	0.570356854004785	0.13215536926873	0.633840456372127	0.0150596960447729	0.803746425546706	0.277628395007923	0.36835735430941	0.552217821124941	0.274624799843878	0.89183204784058	0.964861540589482	0.771852047881112	0.388078804360703	0.0444669059943408	0.431036382913589	0.813405469991267	0.209978128783405	0.787856271956116
-1	0.745297400513664	0.380074643762782	0.529174839844927	0.247354411054403	0.542250809725374	0.261895520612597	0.674101175041869	0.327303293859586	0.228821547701955	0.661404091399163	0.0120328071061522	0.498451109975576	0.0369305124040693	0.147667890181765	0.499148258008063	0.837178007001057	0.363058265065774	0.288637583842501	0.0572640125174075	0.0984534688759595
-1	0.707827262114733	0.0840530500281602	0.260562364477664	0.172719344729558	0.850074772723019	0.570171284954995	0.41279585310258	0.687681226059794	0.972289499826729	0.0851637737359852	0.0237403807695955	0.0132721392437816	0.143991600954905	0.0131664576474577	0.42966112983413	0.0748874796554446	0.335094413952902	0.671039038570598	0.964417611015961	0.702789006754756
-1	0.986808244138956	0.61073898896575	0.398464104626328	0.269957623910159	0.0325903459452093	0.29493595729582	0.244831990683451	0.367569202324376	0.981475340202451	0.205646432703361	0.0208488192874938	0.668280516052619	0.418614749563858	0.709983011474833	0.799174254992977	0.575068116886541	0.933089713333175	0.405682949349284	0.0957986586727202	0.878532353090122
-1	0.451630907133222	0.478439654922113	0.728457826888189	0.0130730250384659	0.598522812128067	0.963317566318437	0.523572512203828	0.00899719190783799	0.368600849527866	0.708129052305594	0.257597676478326	0.311367202084512	0.275104412809014	0.302131347823888	0.236401490867138	0.583368718856946	0.918541813967749	0.970499345799908	0.00804185378365219	0.393169490620494
1	0.118217407958582	0.755316931754351	0.60519089223817	0.970673138275743	0.053001458523795	0.829329823842272	0.920055592432618	0.69750338816084	0.803694085916504	0.583585970336571	0.0566114843823016	0.267622175626457	0.562488031806424	0.389539790805429	0.967757947742939	0.940460863523185	0.681883452693	0.64618140575476	0.972127145854756	0.445084432838485
1	0.238635318819433	0.314809957519174	0.401694050990045	0.92673911084421	0.577232908457518	0.723717836430296	0.690995985176414	0.0327291174326092	0.771137790288776	0.448880716692656	0.282647464191541	0.226662246277556	0.0735513030085713	0.776109627215192	0.80851481272839	0.661496503977105	0.0524213595781475	0.880559775047004	0.796813660301268	0.692407039925456
-1	0.470522761810571	0.51848891726695	0.917389495763928	0.442193377530202	0.5900512074586	0.457957856589928	0.0444393269717693	0.539313192479312	0.841452636988834	0.774822454433888	0.293743403861299	0.402933056466281	0.781743190484121	0.399747299728915	0.238302517216653	0.602034923154861	0.0547709914389998	0.379802287556231	0.0510511617176235	0.402424908708781
-1	0.352323070866987	0.073967908276245	0.995638855732977	0.0252267220057547	0.525655341567472	0.223546208348125	0.672292779898271	0.381379283266142	0.562178743304685	0.52909330627881	0.345447764731944	0.820503838825971	0.407880369806662	0.903925249353051	0.602222819114104	0.570085137616843	0.269474253989756	0.213961331639439	0.592681657988578	0.607168701477349
1	0.338575244881213	0.544996363343671	0.576551703503355	0.261273664655164	0.821531351422891	0.354176393942907	0.57622508239001	0.771466650534421	0.118183199083433	0.962470997823402	0.671159121673554	0.455567300086841	0.672126542543992	0.839218074455857	0.782141902949661	0.937023082980886	0.175917790504172	0.553727070335299	0.301507862983271	0.849236868787557
-1	0.127301266184077	0.398094749078155	0.151045556180179	0.155160498572513	0.277172997361049	0.288958525052294	0.691330376313999	0.42171723395586	0.0107492648530751	0.831165986368433	0.37643692875281	0.219014923553914	0.300113687058911	0.927470229566097	0.0510919115040451	0.456580423749983	0.728251029271632	0.959294494939968	0.243980691302568	0.371564070926979
-1	0.424073856091127	0.840212560491636	0.723180705681443	0.340471726842225	0.370245409663767	0.430055614793673	0.241041350876912	0.390295037999749	0.0616459141019732	0.747277726652101	0.359496325487271	0.698773930082098	0.473071854794398	0.254513478372246	0.194709597155452	0.868262715870515	0.432554802391678	0.625014040386304	0.11487776436843	0.229188198922202
1	0.473310839850456	0.823833111207932	0.368267535930499	0.515688479878008	0.891136916587129	0.260022928006947	0.0760618830099702	0.519312088377774	0.524674256332219	0.994295388925821	0.804114729631692	0.501686910400167	0.320401788689196	0.876471865689382	0.912347918376327	0.688391831703484	0.590537613723427	0.5844707172364	0.393574237124994	0.274772522039711
-1	0.527722007362172	0.247887859586626	0.203276594635099	0.634122479008511	0.900993634015322	0.608911562943831	0.209385332884267	0.705081301508471	0.416157677071169	0.495717909187078	0.396927387453616	0.398135671624914	0.0693703044671565	0.755936698289588	0.0207435800693929	0.0925221783109009	0.183727237163112	0.604794314596802	0.632113551488146	0.410383879672736
1	0.626953609287739	0.416489741532132	0.468650533352047	0.790110163856298	0.692093648482114	0.234975202707574	0.336467490764335	0.456792172044516	0.0150738849770278	0.310989155201241	0.0131741985678673	0.22095925360918	0.43221706757322	0.427115852711722	0.319252185989171	0.136471958365291	0.944230806780979	0.0126508097164333	0.563510614214465	0.602331137750298
-1	0.876026091631502	0.100791015429422	0.652682658983395	0.128555323695764	0.522831278853118	0.593412704532966	0.261672155000269	0.464803434675559	0.56763356574811	0.114865012001246	0.613235497847199	0.471650500083342	0.417798404814675	0.936654802644625	0.0443592872470617	0.554183012805879	0.995761978672817	0.618438221747056	0.138710055500269	0.0778697677887976
1	0.679157036589459	0.523621468106285	0.958231098949909	0.29982040100731	0.246509739896283	0.504829428624362	0.549042249796912	0.965527929598466	0.39471134962514	0.659056837437674	0.398863452719525	0.579905518330634	0.977607532171533	0.655316245276481	0.202824251493439	0.533543724333867	0.167190826265141	0.554145279340446	0.73411372397095	0.720120690762997
-1	0.724064010661095	0.0709573971107602	0.649832244496793	0.52633907017298	0.0137645264621824	0.98038061382249	0.958836892619729	0.227906952844933	0.244852728908882	0.259983007097617	0.109754950506613	0.874818350654095	0.374585515353829	0.593654760858044	0.931667175842449	0.0720621040090919	0.855215510819107	0.885269766673446	0.0480350858997554	0.2417473399546
1	0.181847722735256	0.212238118052483	0.915735928574577	0.513562848325819	0.107445429312065	0.831797778839245	0.0625160094350576	0.873800254659727	0.861677386332303	0.965019359020516	0.684503334341571	0.151000387733802	0.695933297974989	0.934251859318465	0.8087048237212	0.847669732756913	0.547426994424313	0.44107684190385	0.191223178291693	0.0839176806621253
-1	0.077855518553406	0.376960259862244	0.853380956687033	0.515156061621383	0.30051832110621	0.0985149207990617	0.0118957960512489	0.0593706739600748	0.955219753552228	0.787359358742833	0.00406050379388034	0.00754789519123733	0.901316040195525	0.879777822410688	0.437939002877101	0.364599408116192	0.388966436032206	0.0263290393631905	0.725112474756315	0.367098048329353
-1	0.0721974035259336	0.672779981046915	0.826252289349213	0.701760654570535	0.33031409420073	0.169682303909212	0.176030960166827	0.650921305874363	0.82051663659513	0.0726990879047662	0.539886311860755	0.0997088714502752	0.547197627602145	0.200869114603847	0.31209819833748	0.75835578260012	0.961965587455779	0.602161487797275	0.202613890636712	0.760045433184132
1	0.0540625944267958	0.0442223616410047	0.876118004089221	0.821491681504995	0.860103683313355	0.7160643809475	0.0534296224359423	0.86058614263311	0.471026415005326	0.701336480909958	0.065255189081654	0.0435915316920727	0.529010620899498	0.00645670155063272	0.653476163512096	0.854771055513993	0.633180074859411	0.769367255736142	0.390589825576171	0.555048490641639
1	0.517273405333981	0.681740811094642	0.273703517392278	0.943026604363695	0.822427018079907	0.817178197670728	0.724240018287674	0.437771026743576	0.658609737176448	0.741575762629509	0.184907469898462	0.0713353841565549	0.990791171323508	0.690973531687632	0.464877587510273	0.567333361366764	0.144438804127276	0.221243412233889	0.738026416162029	0.753312112763524
1	0.814051568740979	0.0884254742413759	0.150465732673183	0.983618091093376	0.403947956394404	0.96290097408928	0.743360394146293	0.00961464620195329	0.236499242950231	0.611668251687661	0.738496362697333	0.601998115424067	0.497875504894182	0.932858601212502	0.978305172873661	0.357174187432975	0.850802798056975	0.7927087363787	0.658413957571611	0.851496879709885
1	0.449048402486369	0.733696789713576	0.860991935478523	0.461239024065435	0.687933005392551	0.63646643050015	0.976612319471315	0.302243152400479	0.700512642273679	0.650352144381031	0.264724025735632	0.631559853674844	0.857883928809315	0.760242736898363	0.782162189017981	0.857312176376581	0.850864713778719	0.784844195703045	0.874152455013245	0.441404748009518
-1	0.558894887799397	0.135210476117209	0.399566987529397	0.27431079512462	0.181557225994766	0.584313212661073	0.816705402219668	0.581723770359531	0.338516807649285	0.495157235767692	0.792962029343471	0.690765483072028	0.79354729456827	0.834927255986258	0.256508821854368	0.831827984424308	0.0421444913372397	0.470933876931667	0.523897043662146	0.00678018038161099
-1	0.279880106681958	0.616904383990914	0.0477746208198369	0.188615575199947	0.450180769665167	0.977037361590192	0.257548372726887	0.376208710484207	0.0815693759359419	0.347920411964878	0.906932690646499	0.638686229242012	0.440037587657571	0.192336412845179	0.425057060318068	0.703835136955604	0.314256010577083	0.798320857575163	0.399996192194521	0.608032966963947
1	0.890094037400559	0.135765635408461	0.898612328106537	0.893332351231948	0.19261519308202	0.811838655499741	0.774758038343862	0.777787578292191	0.985867439303547	0.423904868774116	0.255954978521913	0.480301824165508	0.829569414956495	0.314151955768466	0.678670381661505	0.179716684389859	0.158182782819495	0.113316235598177	0.498573169345036	0.889102124376222
1	0.715849278261885	0.908929002005607	0.638079722411931	0.821365678450093	0.971526136621833	0.58868574234657	0.251072323182598	0.121342294383794	0.165717669762671	0.886995713226497	0.557807622477412	0.20111048547551	0.895089388592169	0.708827399648726	0.118132530944422	0.690546453464776	0.256033024517819	0.804679366527125	0.189937270712107	0.0198239064775407
